EREEP0650436                                                     
D000005000120050100002244013004200903:050000005190.00000166133901
D000006000120050100002249393004200903:040000005176.00000166133901
D000007000120050100002211693004200903:040000005826.00000166134101
S000050000000000000000016192.00                                  