EREEP0650401                                                      
D000001016050120414633392520407201206:070000000638.00006103450301
D000001073050120614692376890407201206:070000000259.00005305561101
D000001001650120614698836300407201206:070000000140.00007238915301
D000001053050120614688277900407201206:070000000261.00005522256301
D000001014050120614688971710407201206:070000006998.00006699655301
D000001065050101113975162160407201206:070000000438.00006433377501
S000008000000000000011211581.50                                   