EREEP0650401                                                     
D007079001050081013165801300705201303:050000000301.08000251395601
D007079001050081113191336900705201303:050000000340.00000249406401
D007079001020090213276139840705201303:050000001881.00000290952501
S000050000000000000000002602.00                                  
