EREEP0650436                                                     
D084716000200501000030067560705201303:050000001188.00000682937601
D00T362000200501000029343650705201312:050000003166.00000682849201
D042319000200501000029355960705201310:050000001188.00000682789401
D00T136001200501000029392340705201309:050000005924.00000682738101
D006138001200501000029418700705201309:050000001049.00000000445616
D007079001200501000033657350705201303:050000005176.00000000445616
S000080000000000000000017691.00                                  